1.508297129032793293e+02 1.529880000000000129e+00
1.495217362006649182e+02 1.514799999999999924e+00
1.482125906641484789e+02 1.481009999999999938e+00
1.469021387838591011e+02 1.475609999999999866e+00
1.455924145599695692e+02 1.454730000000000079e+00
1.442828049276390061e+02 1.435300000000000020e+00
1.429729088164109214e+02 1.404050000000000020e+00
1.416623824516082095e+02 1.402670000000000083e+00
1.403527155234981763e+02 1.377650000000000041e+00
1.390429912996086443e+02 1.348630000000000217e+00
1.377324649348058756e+02 1.336840000000000028e+00
1.364223396404597395e+02 1.323769999999999891e+00
1.351125008250111819e+02 1.297930000000000028e+00
1.338024901222240430e+02 1.270609999999999795e+00
1.324917345743032797e+02 1.267329999999999846e+00
1.311818384630751950e+02 1.242410000000000014e+00
1.298718850560675833e+02 1.224140000000000006e+00
1.285618170575009458e+02 1.193740000000000023e+00
1.272512906926982339e+02 1.189060000000000006e+00
1.259414518772496479e+02 1.162779999999999925e+00
1.246316130618010760e+02 1.138830000000000009e+00
1.233210866969983499e+02 1.120719999999999938e+00
1.220110759942112395e+02 1.103720000000000034e+00
1.207010079956446162e+02 1.084000000000000075e+00
1.193912264759755573e+02 1.052930000000000144e+00
1.180805855196138054e+02 1.046180000000000110e+00
1.167707467041651910e+02 1.019390000000000018e+00
1.148057879457640524e+02 9.859930000000000083e-01
1.128403708211267968e+02 9.642490000000000228e-01
1.115305893014577379e+02 9.367450000000000498e-01
1.102208077817886647e+02 9.117319999999999869e-01
1.089103960085449643e+02 8.953160000000000007e-01
1.076004426015373525e+02 8.747709999999999653e-01
1.062904891945297550e+02 8.561119999999999841e-01
1.049807649706402088e+02 8.253980000000000761e-01
1.036702959016169814e+02 8.160640000000000116e-01
1.023606862692864752e+02 7.884670000000000289e-01
1.010508474538378891e+02 7.691149999999999931e-01
9.974072215949175302e+01 7.431440000000000268e-01
9.843048227358659119e+01 7.332750000000000101e-01
9.712104452859459514e+01 7.055390000000000272e-01
9.581172137516163900e+01 6.748089999999999922e-01
9.450136689769743725e+01 6.625199999999999978e-01
9.319158537802839248e+01 6.422459999999999836e-01
9.188180385835933350e+01 6.200339999999999741e-01
9.057202233869027452e+01 5.920910000000000339e-01
8.926224081902120133e+01 5.802540000000000475e-01
8.795303225714725670e+01 5.524139999999999606e-01
8.598893293543881100e+01 5.169930000000000359e-01
8.402483361373033688e+01 4.839119999999999533e-01
8.271505209406129211e+01 4.654590000000000116e-01
8.140641648998249025e+01 4.316619999999999902e-01
8.009720792810854562e+01 4.147610000000000463e-01
7.878799936623461520e+01 3.900000000000000133e-01
7.747936376215582754e+01 3.638580000000000148e-01
7.617072815807702568e+01 3.374240000000000017e-01
7.486209255399822382e+01 3.183829999999999716e-01
7.355345694991942196e+01 2.902970000000000272e-01
7.224596726143089143e+01 2.590500000000000025e-01
7.093733165735208956e+01 2.416260000000000074e-01
6.962984196886354482e+01 2.133069999999999966e-01
6.832235228037500008e+01 1.867850000000000066e-01
6.701543554968159810e+01 1.568410000000000082e-01
6.570909177678332469e+01 1.347220000000000084e-01
6.440389391947530839e+01 1.057079999999999964e-01
6.309926901996242066e+01 7.242780000000000051e-02
6.179464412044954713e+01 5.190140000000000031e-02
6.049231105211717363e+01 2.237709999999999699e-02
5.919341573055559991e+01 -7.610039999999999340e-03
5.789738519796966898e+01 -3.531549999999999967e-02
5.660479241215454493e+01 -6.424860000000000293e-02
5.531277258413452813e+01 -9.443279999999999730e-02
5.402132571390964699e+01 -1.248799999999999910e-01
5.272815997029938728e+01 -1.554180000000000006e-01
5.143270239550859912e+01 -1.867299999999999793e-01
5.013438003174215396e+01 -2.196839999999999904e-01
4.883319287900005179e+01 -2.510370000000000101e-01
4.753028685287256394e+01 -2.829069999999999641e-01
4.622508899556454764e+01 -3.189069999999999960e-01
4.491817226487113857e+01 -3.514909999999999979e-01
4.360953666079233670e+01 -3.851399999999999824e-01
4.230090105671354195e+01 -4.213149999999999951e-01
4.099111953704447586e+01 -4.583579999999999877e-01
3.968019210178514555e+01 -4.927790000000000226e-01
3.836926466652583656e+01 -5.258500000000000396e-01
3.705833723126649915e+01 -5.682030000000000136e-01
3.574683683821205449e+01 -6.041609999999999481e-01
3.443533644515758851e+01 -6.412419999999999787e-01
3.312383605210313675e+01 -6.753060000000000729e-01
3.181290861684382776e+01 -7.208400000000000363e-01
3.050140822378935468e+01 -7.591430000000000122e-01
2.918990783073490647e+01 -7.960289999999999866e-01
2.787840743768046536e+01 -8.360819999999999919e-01
2.656690704462599228e+01 -8.769790000000000640e-01
2.525597960936667619e+01 -9.246939999999999049e-01
2.394447921631223508e+01 -9.539199999999999902e-01
2.263355178105289411e+01 -1.003809999999999869e+00
2.132262434579358512e+01 -1.045220000000000038e+00
2.001112395273911204e+01 -1.090380000000000127e+00
1.870019651747980305e+01 -1.126170000000000115e+00
1.738984204001559775e+01 -1.176400000000000112e+00
1.607891460475628875e+01 -1.223060000000000036e+00
1.476741421170181745e+01 -1.262819999999999832e+00
1.345705973423764057e+01 -1.310549999999999882e+00
1.214613229897830138e+01 -1.354330000000000034e+00
1.083577782151412627e+01 -1.407769999999999966e+00
9.524850386254790635e+00 -1.447390000000000176e+00
8.214495908790613754e+00 -1.497680000000000122e+00
6.904141431326409339e+00 -1.545009999999999994e+00
5.593213996067072813e+00 -1.600440000000000085e+00
4.282859518602895932e+00 -1.641079999999999872e+00
2.971932083343559405e+00 -1.690690000000000026e+00
1.662150563674517079e+00 -1.747239999999999904e+00
3.512231284151801081e-01 -1.791749999999999954e+00
-9.591313490489966620e-01 -1.843499999999999917e+00
-2.270058784308333522e+00 -1.885610000000000008e+00
-3.579840303977401383e+00 -1.950259999999999883e+00
-4.891340697031847817e+00 -1.986460000000000115e+00
-6.201695174496049567e+00 -2.036890000000000089e+00
-7.512049651960226448e+00 -2.081469999999999931e+00
-8.822404129424429087e+00 -2.142409999999999926e+00
-1.013333156468373986e+01 -2.181200000000000028e+00
-1.144368604214794338e+01 -2.226020000000000110e+00
-1.275346756181701124e+01 -2.292280000000000317e+00
-1.406382203928118813e+01 -2.344599999999999795e+00
-1.537417651674538988e+01 -2.402179999999999982e+00
-1.668453099420959163e+01 -2.446180000000000021e+00
-1.799431251387863284e+01 -2.517269999999999897e+00
-1.930466699134283814e+01 -2.571229999999999905e+00
-2.061502146880703989e+01 -2.624120000000000008e+00
-2.192480298847608111e+01 -2.682309999999999750e+00
-2.323458450814514720e+01 -2.748550000000000271e+00
-2.454493898560935250e+01 -2.816329999999999778e+00
-2.585529346307352938e+01 -2.861360000000000348e+00
-2.716507498274259547e+01 -2.936219999999999608e+00
-2.847542946020680077e+01 -2.989409999999999901e+00
-2.978578393767097765e+01 -3.060579999999999856e+00
-3.109613841513517940e+01 -3.108079999999999732e+00
-3.240591993480424549e+01 -3.175570000000000004e+00
-3.371570145447331157e+01 -3.244679999999999787e+00
-3.502662888973262767e+01 -3.294719999999999871e+00
-3.699187412703134470e+01 -3.391000000000000014e+00
-3.895654640653493317e+01 -3.500900000000000123e+00
-4.026747384179427769e+01 -3.539280000000000204e+00
-4.157725536146331535e+01 -3.613770000000000149e+00
-4.288760983892751710e+01 -3.677130000000000010e+00
-4.419796431639172596e+01 -3.743139999999999912e+00
-4.550831879385589218e+01 -3.789600000000000080e+00
-4.681867327132010814e+01 -3.849340000000000206e+00
-4.812845479098916712e+01 -3.929040000000000088e+00
-4.943938222624847612e+01 -3.971429999999999794e+00
-5.074973670371268497e+01 -4.038289999999999935e+00
-5.205951822338175106e+01 -4.094109999999999694e+00
-5.336987270084593149e+01 -4.178609999999999935e+00
-5.468080013610526890e+01 -4.211240000000000094e+00
-5.599115461356944223e+01 -4.271020000000000039e+00
-5.730093613323850832e+01 -4.330659999999999954e+00
-5.861129061070271007e+01 -4.397369999999999557e+00
-5.992221804596201906e+01 -4.443729999999999514e+00
-6.123257252342622081e+01 -4.489329999999999821e+00
-6.254235404309529400e+01 -4.563209999999999766e+00
-6.385328147835460300e+01 -4.600520000000000387e+00
-6.516363595581880475e+01 -4.658660000000000245e+00
-6.647399043328297807e+01 -4.698579999999999757e+00
-6.778434491074717982e+01 -4.772729999999999251e+00
-6.909527234600649592e+01 -4.799350000000000449e+00
-7.040562682347069767e+01 -4.855689999999999173e+00
-7.171598130093489942e+01 -4.893279999999999852e+00
-7.302690873619421552e+01 -4.948360000000000092e+00
-7.433726321365841727e+01 -4.983689999999999287e+00
-7.564876360671289035e+01 -5.006600000000000605e+00
-7.695854512638192091e+01 -5.069880000000000386e+00
-7.827004551943640820e+01 -5.088580000000000325e+00
-7.958039999690055311e+01 -5.133239999999999803e+00
-8.089132743215991184e+01 -5.147569999999999979e+00
-8.220110895182895661e+01 -5.214249999999999829e+00
-8.351318230267854403e+01 -5.199529999999999319e+00
-8.482353678014274578e+01 -5.246839999999999726e+00
-8.613446421540204767e+01 -5.259149999999999991e+00
-8.744539165066136377e+01 -5.285849999999999937e+00
-8.875631908592072250e+01 -5.295510000000000161e+00
-9.006724652118002439e+01 -5.300979999999999137e+00
-9.137817395643935470e+01 -5.320750000000000313e+00
-9.268967434949381357e+01 -5.323800000000000310e+00
-9.400060178475312966e+01 -5.329029999999999490e+00
-9.531210217780760274e+01 -5.300239999999999618e+00
-9.662302961306691884e+01 -5.325919999999999987e+00
-9.793453000612139192e+01 -5.300689999999999458e+00
-9.924603039917579395e+01 -5.294620000000000104e+00
-1.005575307922302812e+02 -5.264510000000000467e+00
-1.018690311852847543e+02 -5.252290000000000347e+00
-1.031816774939294419e+02 -5.180920000000000414e+00
-1.044931778869839007e+02 -5.144449999999999967e+00
-1.058058241956286167e+02 -5.072649999999999437e+00
-1.071190434620684471e+02 -4.986640000000000406e+00
-1.084328356863034628e+02 -4.861140000000000683e+00
-1.097466279105384217e+02 -4.729060000000000485e+00
-1.110627119659539233e+02 -4.512170000000000236e+00
-1.124469779989899934e+02 -1.989910000000000068e+00
-1.137957206487279365e+02 -8.119700000000000806e-01
-1.151014914638311097e+02 -8.500650000000000706e-01
-1.164072622789342404e+02 -9.077300000000000368e-01
-1.177130330940373710e+02 -9.424339999999999939e-01
-1.190193768669356444e+02 -9.550619999999999665e-01
-1.203251476820388177e+02 -9.953170000000000073e-01
-1.216314914549370485e+02 -1.014979999999999993e+00
-1.229372622700402360e+02 -1.038030000000000008e+00
-1.242436060429385236e+02 -1.052579999999999849e+00
-1.255493768580416543e+02 -1.087550000000000017e+00
-1.268557206309399419e+02 -1.106109999999999927e+00
-1.281620644038382295e+02 -1.128719999999999946e+00
-1.301215800631856041e+02 -1.181459999999999955e+00
-1.320816686803281925e+02 -1.225670000000000037e+00
-1.333885854110215803e+02 -1.245849999999999902e+00
-1.346955021417149680e+02 -1.289130000000000109e+00
-1.360035647879986413e+02 -1.309069999999999956e+00
-1.373110544764871861e+02 -1.337089999999999890e+00
-1.386156793760000596e+02 -1.418670000000000098e+00
-1.399122828663811333e+02 -1.614240000000000119e+00
-1.412054486099914072e+02 -1.871450000000000058e+00
-1.424980413958065526e+02 -2.176979999999999915e+00
-1.437912071394168265e+02 -2.523530000000000051e+00
-1.450860917564124577e+02 -2.892409999999999926e+00
-1.470341482598572611e+02 -3.458239999999999981e+00
-1.489879343412533785e+02 -4.035059999999999647e+00
-1.502914133251759665e+02 -4.439310000000000755e+00
-1.515948923090986113e+02 -4.905189999999999273e+00
-1.529000901664066134e+02 -5.348749999999999893e+00
-1.542058609815097441e+02 -5.838580000000000325e+00
-1.555127777122032171e+02 -6.309689999999999799e+00
